<<<<<<< HEAD
1332017
1332022
1332020
1331997
1331868
1331928
1331923
1331911
1331891
1332005
1331970
1331853
1332014
1331896
1331879
1331952
1331998
1331893
1331878
1331906
1331897
1331759
1331762
1331834
1331812
1331789
1331825
1331824
1327163
1331585
1331477
1331184
1331057
1330786
1330763
1330757
1330735
1330727
1330714
1330640
1330631
1330621
1330615
1330595
1330582
1330529
1330499
1330481
1330353
1330350
1330339
1330288
1330281
1330199
1330194
1330181
1330156
1330149
1330123
1330100
1330099
1330097
1330096
1330090
1329770
1329542
1329495
1329472
1329350
1328569
1328556
1328289
1328252
1327549
1326315
1325990
1331486
1331455
1331363
1331349
1331311
1331277
1331174
1330982
1330973
1330951
1330949
1330943
1330926
1330884
1330882
1330854
1330838
1330707
1330597
1330535
1330268
1330221
1330120
1330103
1330058
1329988
1329985
1329868
1329661
1329506
1329415
1329393
1328936
1328771
1328658
1328571
1328511
1327823
1327588
1331694
1331639
1331449
1331379
1331376
1331348
1331263
1331194
1331068
1331038
1331030
1331009
1330913
1330911
1330891
1330888
1330830
1330671
1330565
1330452
1330155
1329950
1329676
1329546
1329449
1329316
1329142
1329046
1328420
1327703
1326720
1332067
1331724
1331596
1331541
1331536
1331516
1331507
1331480
1331462
1331459
1331453
1331367
1331360
1331218
1331157
1331139
1331084
1331080
1330922
1330808
1330782
1330359
1330145
1329899
1328961
1328602
1328375
1328080
1327496
1331742
1331736
1331603
1331278
1331254
1331191
1331099
1331091
1330862
1330773
1330713
1330696
1330563
1330275
1329855
1329518
1329309
1329308
1329189
1329023
1328539
1328108
1327749
1325616
1331721
1331692
1331673
1331626
1331607
1331550
1331447
1331394
1331366
1331142
1331111
1331083
1331071
1330301
1330198
1330184
1330046
1329752
1328117
1327291
1326904
1332063
1331709
1331368
1331364
1331264
1330972
1330910
1330904
1330128
1330041
1329921
1327343
1331288
1330919
1330765
1330471
1330104
1325359
1331622
1330867
1329853
1331676
1331674
1331655
1330848
1330761
1330760
1330056
1329954
1329298
1331613
1331343
1331702
1331629
1327516
1330087
1327208
1330783
1327507
1330514
1332103
1332088
1332075
1318894
1332073
1332167
1332128
1332200
1332019
1331336
1331144
1330897
1330747
1330742
1330704
1330500
1330371
1330351
1330157
1330089
1326180
1332270
1332024
1331942
1330941
1330569
1329426
1329281
1332109
1331972
1331476
1331410
1331162
1331054
1330819
1329710
1329279
1327610
1332344
1332217
1331933
1331926
1331820
1331807
1331687
1330996
1330544
1330233
1326925
1332412
1332244
1331244
1332447
1332438
1332411
1332399
1332393
1332362
1332294
1332283
1332264
1332125
1332120
1331268
1331267
1330476
1330429
1330257
1332238
1332211
1332141
1332044
1332042
1331679
1330711
1330540
1330428
1332269
1330489
1332339
1332309
1331856
1331852
1331839
1331636
1332443
1332421
1332295
1332054
1331406
1332333
1332182
1332225
1329526
1332508
1332361
1332526
1332484
1332479
1332466
1332482
1332247
1332521
1332502
1332529
=======
1332017
1332022
1332020
1331997
1331868
1331928
1331923
1331911
1331891
1332005
1331970
1331853
1332014
1331896
1331879
1331952
1331998
1331893
1331878
1331906
1331897
1331759
1331762
1331834
1331812
1331789
1331825
1331824
>>>>>>> 77119708a3bf28b78008afb77aeddf4ff847428a
1332584
1333284
1333282
1333254
1333203
1333115
1332748
1332731
1332690
1332546
1332491
1333446
1333440
1333178
1333070
1332977
1332814
1332802
1332556
1332542
1333062
1332900
1332747
1332592
1333737
1333665
1333276
1332775
1332626
1333670
1333571
1333470
1333456
1333154
1332990
1333666
1333644
1333634
1333605
1333428
1333391
1333048
1332966
1332921
1332417
1332321
1332978
1333412
1332762
1334095
1333853
1334175
1333936
1333836
1333887
1333849
1333812
1333804
1333782
1333744
1334084
1333863
1333803
1333885
1333988
1333969
1333778
